2.059042256920481928e-04 0.000000000000000000e+00
3.161771267707614436e-02 0.000000000000000000e+00
6.302952112846023358e-02 0.000000000000000000e+00
9.444132957984434362e-02 0.000000000000000000e+00
1.258531380312284398e-01 0.000000000000000000e+00
1.572649464826125221e-01 0.000000000000000000e+00
1.886767549339966044e-01 0.000000000000000000e+00
2.200885633853807422e-01 0.000000000000000000e+00
2.515003718367648244e-01 0.000000000000000000e+00
2.829121802881488512e-01 0.000000000000000000e+00
3.143239887395329890e-01 0.000000000000000000e+00
3.457357971909171268e-01 0.000000000000000000e+00
3.771476056423011536e-01 0.000000000000000000e+00
4.085594140936852914e-01 0.000000000000000000e+00
4.399712225450694292e-01 0.000000000000000000e+00
4.713830309964534560e-01 0.000000000000000000e+00
5.027948394478376493e-01 0.000000000000000000e+00
5.342066478992216760e-01 0.000000000000000000e+00
5.656184563506058138e-01 0.000000000000000000e+00
5.970302648019899516e-01 0.000000000000000000e+00
6.284420732533739784e-01 0.000000000000000000e+00
6.598538817047581162e-01 0.000000000000000000e+00
6.912656901561421430e-01 0.000000000000000000e+00
7.226774986075262808e-01 0.000000000000000000e+00
7.540893070589104186e-01 0.000000000000000000e+00
7.855011155102945564e-01 0.000000000000000000e+00
8.169129239616785831e-01 0.000000000000000000e+00
8.483247324130627209e-01 0.000000000000000000e+00
8.797365408644467477e-01 0.000000000000000000e+00
9.111483493158308855e-01 0.000000000000000000e+00
9.425601577672150233e-01 0.000000000000000000e+00
9.739719662185990501e-01 0.000000000000000000e+00
1.005383774669983188e+00 0.000000000000000000e+00
1.036795583121367104e+00 0.000000000000000000e+00
1.068207391572751241e+00 0.000000000000000000e+00
1.099619200024135379e+00 0.000000000000000000e+00
1.131031008475519295e+00 0.000000000000000000e+00
1.162442816926903655e+00 0.000000000000000000e+00
1.193854625378287571e+00 0.000000000000000000e+00
1.225266433829671708e+00 0.000000000000000000e+00
1.256678242281055846e+00 0.000000000000000000e+00
1.288090050732439762e+00 0.000000000000000000e+00
1.319501859183824122e+00 1.848087870507666378e-03
1.350913667635208038e+00 1.848087870507666378e-03
1.382325476086592397e+00 5.544263611523025589e-03
1.413737284537976313e+00 1.108852722304602342e-02
1.445149092989360229e+00 2.217705444609201909e-02
1.476560901440744589e+00 2.402514231659966248e-02
1.507972709892128504e+00 2.587323018710732669e-02
1.539384518343512864e+00 2.217705444609204685e-02
1.570796326794896780e+00 2.217705444609204685e-02
1.602208135246280696e+00 2.217705444609204685e-02
1.633619943697665056e+00 4.805028463319932497e-02
1.665031752149048971e+00 9.794865713690631415e-02
1.696443560600433331e+00 1.533912932521363237e-01
1.727855369051817247e+00 1.903530506622901353e-01
1.759267177503201385e+00 2.310109838134588034e-01
1.790678985954585523e+00 2.864536199286887852e-01
1.822090794405969438e+00 4.121235951232096184e-01
1.853502602857353798e+00 5.322493067062079586e-01
1.884914411308737714e+00 6.930329514403767988e-01
1.916326219760121852e+00 8.260952781169288439e-01
1.947738028211505990e+00 9.961193622036341733e-01
1.979149836662889905e+00 1.097764195081556649e+00
2.010561645114274487e+00 1.175383885642875770e+00
2.041973453565658403e+00 1.225282258146585868e+00
2.073385262017042319e+00 1.249307400463179896e+00
2.104797070468426679e+00 1.251155488333693278e+00
2.136208878919811038e+00 1.138422128232724928e+00
2.167620687371194510e+00 1.036777295354803785e+00
2.199032495822578870e+00 8.833860021026664899e-01
2.230444304273963230e+00 7.891335207067715629e-01
2.261856112725347145e+00 6.819444242173304804e-01
2.293267921176731061e+00 6.135651730085462940e-01
2.324679729628115421e+00 5.396416581882402808e-01
2.356091538079499337e+00 5.026799007780866635e-01
2.387503346530883253e+00 4.509334404038696231e-01
2.418915154982267612e+00 4.786547584614870843e-01
2.450326963433651972e+00 5.156165158716407015e-01
2.481738771885035444e+00 5.618187126343320292e-01
2.513150580336419804e+00 5.747553277278858452e-01
2.544562388787804164e+00 5.377935703177298965e-01
2.575974197239188079e+00 5.599706247638246426e-01
2.607386005690571995e+00 6.135651730085437405e-01
2.638797814141956355e+00 6.930329514403763547e-01
2.670209622593340715e+00 7.373870603325606288e-01
2.701621431044724186e+00 7.983739600593131591e-01
2.733033239496108546e+00 8.519685083040358098e-01
2.764445047947492906e+00 9.647018684049992743e-01
2.795856856398876822e+00 9.406767260884038029e-01
2.827268664850260738e+00 9.203477595128193300e-01
2.858680473301645097e+00 9.037149686782505187e-01
2.890092281753029013e+00 9.111073201602812865e-01
2.921504090204412929e+00 8.612089476565705226e-01
2.952915898655797289e+00 6.782482484763152630e-01
2.984327707107181649e+00 5.377935703177315618e-01
3.015739515558565120e+00 4.047312436411805159e-01
3.047151324009949480e+00 2.790612684466583504e-01
3.078563132461333840e+00 1.552393811226433773e-01
3.109974940912717756e+00 6.468307546776835837e-02
3.141386749364101671e+00 5.913881185624490777e-02
