2.059042256920481928e-04 0.000000000000000000e+00
3.161771267707614436e-02 0.000000000000000000e+00
6.302952112846023358e-02 0.000000000000000000e+00
9.444132957984434362e-02 0.000000000000000000e+00
1.258531380312284398e-01 0.000000000000000000e+00
1.572649464826125221e-01 0.000000000000000000e+00
1.886767549339966044e-01 0.000000000000000000e+00
2.200885633853807422e-01 0.000000000000000000e+00
2.515003718367648244e-01 0.000000000000000000e+00
2.829121802881488512e-01 0.000000000000000000e+00
3.143239887395329890e-01 0.000000000000000000e+00
3.457357971909171268e-01 0.000000000000000000e+00
3.771476056423011536e-01 0.000000000000000000e+00
4.085594140936852914e-01 0.000000000000000000e+00
4.399712225450694292e-01 0.000000000000000000e+00
4.713830309964534560e-01 0.000000000000000000e+00
5.027948394478376493e-01 0.000000000000000000e+00
5.342066478992216760e-01 0.000000000000000000e+00
5.656184563506058138e-01 0.000000000000000000e+00
5.970302648019899516e-01 0.000000000000000000e+00
6.284420732533739784e-01 0.000000000000000000e+00
6.598538817047581162e-01 0.000000000000000000e+00
6.912656901561421430e-01 0.000000000000000000e+00
7.226774986075262808e-01 0.000000000000000000e+00
7.540893070589104186e-01 0.000000000000000000e+00
7.855011155102945564e-01 0.000000000000000000e+00
8.169129239616785831e-01 0.000000000000000000e+00
8.483247324130627209e-01 0.000000000000000000e+00
8.797365408644467477e-01 0.000000000000000000e+00
9.111483493158308855e-01 0.000000000000000000e+00
9.425601577672150233e-01 0.000000000000000000e+00
9.739719662185990501e-01 0.000000000000000000e+00
1.005383774669983188e+00 0.000000000000000000e+00
1.036795583121367104e+00 0.000000000000000000e+00
1.068207391572751241e+00 0.000000000000000000e+00
1.099619200024135379e+00 0.000000000000000000e+00
1.131031008475519295e+00 0.000000000000000000e+00
1.162442816926903655e+00 0.000000000000000000e+00
1.193854625378287571e+00 0.000000000000000000e+00
1.225266433829671708e+00 0.000000000000000000e+00
1.256678242281055846e+00 0.000000000000000000e+00
1.288090050732439762e+00 0.000000000000000000e+00
1.319501859183824122e+00 0.000000000000000000e+00
1.350913667635208038e+00 0.000000000000000000e+00
1.382325476086592397e+00 0.000000000000000000e+00
1.413737284537976313e+00 1.848087870507666378e-03
1.445149092989360229e+00 7.392351482030665513e-03
1.476560901440744589e+00 1.663279083456899871e-02
1.507972709892128504e+00 2.217705444609199827e-02
1.539384518343512864e+00 2.772131805761507417e-02
1.570796326794896780e+00 3.326558166913807374e-02
1.602208135246280696e+00 3.511366953964574489e-02
1.633619943697665056e+00 4.250602102167632540e-02
1.665031752149048971e+00 6.468307546776831674e-02
1.696443560600433331e+00 1.127333601009676556e-01
1.727855369051817247e+00 1.330623266765522672e-01
1.759267177503201385e+00 1.903530506622899132e-01
1.790678985954585523e+00 2.513399503890428877e-01
1.822090794405969438e+00 3.640733104900102934e-01
1.853502602857353798e+00 4.712624069794549841e-01
1.884914411308737714e+00 6.172613487495623996e-01
1.916326219760121852e+00 7.798930813542370721e-01
1.947738028211505990e+00 9.480690775704347928e-01
1.979149836662889905e+00 1.066346701282926190e+00
2.010561645114274487e+00 1.204953291570997953e+00
2.041973453565658403e+00 1.201257115829985400e+00
2.073385262017042319e+00 1.210497555182518115e+00
2.104797070468426679e+00 1.127333601009679054e+00
2.136208878919811038e+00 1.171687709901863217e+00
2.167620687371194510e+00 1.105156546563587749e+00
2.199032495822578870e+00 1.023840680261249858e+00
2.230444304273963230e+00 8.501204204335246484e-01
2.261856112725347145e+00 7.336908845915454114e-01
2.293267921176731061e+00 6.191094366200693422e-01
2.324679729628115421e+00 5.340973945767172326e-01
2.356091538079499337e+00 4.453891767923486289e-01
2.387503346530883253e+00 4.139716829937160614e-01
2.418915154982267612e+00 4.379968253103180276e-01
2.450326963433651972e+00 4.989837250370714461e-01
2.481738771885035444e+00 5.377935703177321169e-01
2.513150580336419804e+00 5.156165158716400354e-01
2.544562388787804164e+00 5.156165158716374819e-01
2.575974197239188079e+00 5.562744490228089811e-01
2.607386005690571995e+00 6.320460517136206047e-01
2.638797814141956355e+00 6.690078091237767755e-01
2.670209622593340715e+00 7.392351482030685705e-01
2.701621431044724186e+00 8.039182236708364293e-01
2.733033239496108546e+00 8.796898263616512725e-01
2.764445047947492906e+00 9.480690775704303519e-01
2.795856856398876822e+00 1.016448328779218535e+00
2.827268664850260738e+00 1.025688768131757023e+00
2.858680473301645097e+00 1.001663625815157665e+00
2.890092281753029013e+00 9.203477595128195521e-01
2.921504090204412929e+00 8.778417384911393340e-01
2.952915898655797289e+00 7.632602905196679277e-01
2.984327707107181649e+00 6.246537002315920573e-01
3.015739515558565120e+00 4.564777040153955578e-01
3.047151324009949480e+00 2.993902350222428232e-01
3.078563132461333840e+00 1.792645234392432896e-01
3.109974940912717756e+00 8.686012991386063420e-02
3.141386749364101671e+00 4.435410889218368430e-02
