2.059042256920481928e-04 0.000000000000000000e+00
3.161771267707614436e-02 0.000000000000000000e+00
6.302952112846023358e-02 0.000000000000000000e+00
9.444132957984434362e-02 0.000000000000000000e+00
1.258531380312284398e-01 0.000000000000000000e+00
1.572649464826125221e-01 0.000000000000000000e+00
1.886767549339966044e-01 0.000000000000000000e+00
2.200885633853807422e-01 0.000000000000000000e+00
2.515003718367648244e-01 0.000000000000000000e+00
2.829121802881488512e-01 0.000000000000000000e+00
3.143239887395329890e-01 0.000000000000000000e+00
3.457357971909171268e-01 0.000000000000000000e+00
3.771476056423011536e-01 0.000000000000000000e+00
4.085594140936852914e-01 0.000000000000000000e+00
4.399712225450694292e-01 0.000000000000000000e+00
4.713830309964534560e-01 0.000000000000000000e+00
5.027948394478376493e-01 0.000000000000000000e+00
5.342066478992216760e-01 0.000000000000000000e+00
5.656184563506058138e-01 0.000000000000000000e+00
5.970302648019899516e-01 0.000000000000000000e+00
6.284420732533739784e-01 0.000000000000000000e+00
6.598538817047581162e-01 0.000000000000000000e+00
6.912656901561421430e-01 0.000000000000000000e+00
7.226774986075262808e-01 0.000000000000000000e+00
7.540893070589104186e-01 0.000000000000000000e+00
7.855011155102945564e-01 0.000000000000000000e+00
8.169129239616785831e-01 0.000000000000000000e+00
8.483247324130627209e-01 0.000000000000000000e+00
8.797365408644467477e-01 0.000000000000000000e+00
9.111483493158308855e-01 0.000000000000000000e+00
9.425601577672150233e-01 0.000000000000000000e+00
9.739719662185990501e-01 0.000000000000000000e+00
1.005383774669983188e+00 0.000000000000000000e+00
1.036795583121367104e+00 0.000000000000000000e+00
1.068207391572751241e+00 0.000000000000000000e+00
1.099619200024135379e+00 0.000000000000000000e+00
1.131031008475519295e+00 0.000000000000000000e+00
1.162442816926903655e+00 1.848087870507666378e-03
1.193854625378287571e+00 1.848087870507666378e-03
1.225266433829671708e+00 1.848087870507666378e-03
1.256678242281055846e+00 0.000000000000000000e+00
1.288090050732439762e+00 0.000000000000000000e+00
1.319501859183824122e+00 0.000000000000000000e+00
1.350913667635208038e+00 0.000000000000000000e+00
1.382325476086592397e+00 0.000000000000000000e+00
1.413737284537976313e+00 3.696175741015332757e-03
1.445149092989360229e+00 5.544263611522999569e-03
1.476560901440744589e+00 7.392351482030665513e-03
1.507972709892128504e+00 7.392351482030665513e-03
1.539384518343512864e+00 9.240439352538359213e-03
1.570796326794896780e+00 1.293661509355369110e-02
1.602208135246280696e+00 1.663279083456902299e-02
1.633619943697665056e+00 3.141749379863032626e-02
1.665031752149048971e+00 4.435410889218398961e-02
1.696443560600433331e+00 7.946777843182964429e-02
1.727855369051817247e+00 1.256699751945217769e-01
1.759267177503201385e+00 1.829606991802594229e-01
1.790678985954585523e+00 2.439475989070123974e-01
1.822090794405969438e+00 3.160230258568109685e-01
1.853502602857353798e+00 4.435410889218399655e-01
1.884914411308737714e+00 5.858438549509320525e-01
1.916326219760121852e+00 6.985772150518996249e-01
1.947738028211505990e+00 8.759936506206356110e-01
1.979149836662889905e+00 1.007207889426680714e+00
2.010561645114274487e+00 1.247459312592674063e+00
2.041973453565658403e+00 1.256699751945214993e+00
2.073385262017042319e+00 1.240066961110640964e+00
2.104797070468426679e+00 1.101460370822571866e+00
2.136208878919811038e+00 1.051561998318864433e+00
2.167620687371194510e+00 9.979674500741424481e-01
2.199032495822578870e+00 9.610056926639889419e-01
2.230444304273963230e+00 8.353357174694637788e-01
2.261856112725347145e+00 7.595641147786531544e-01
2.293267921176731061e+00 6.228056123610848926e-01
2.324679729628115421e+00 5.488820975407788794e-01
2.356091538079499337e+00 5.008318129075791658e-01
2.387503346530883253e+00 4.823509342025001367e-01
2.418915154982267612e+00 4.989837250370712241e-01
2.450326963433651972e+00 4.805028463319944709e-01
2.481738771885035444e+00 5.026799007780862194e-01
2.513150580336419804e+00 5.026799007780862194e-01
2.544562388787804164e+00 5.193126916126529213e-01
2.575974197239188079e+00 5.433378339292552761e-01
2.607386005690571995e+00 6.357422274546356000e-01
2.638797814141956355e+00 7.299947088505298609e-01
2.670209622593340715e+00 8.205510145054062399e-01
2.701621431044724186e+00 9.000187929372354123e-01
2.733033239496108546e+00 9.462209896999272951e-01
2.764445047947492906e+00 1.033081119613782572e+00
2.795856856398876822e+00 1.044169646836833554e+00
2.827268664850260738e+00 1.057106261930387259e+00
2.858680473301645097e+00 9.887270107216039605e-01
2.890092281753029013e+00 9.517652533114504543e-01
2.921504090204412929e+00 8.667532112680936818e-01
2.952915898655797289e+00 7.484755875556066140e-01
2.984327707107181649e+00 5.932362064329615992e-01
3.015739515558565120e+00 4.583257918859029445e-01
3.047151324009949480e+00 3.363519924323960519e-01
3.078563132461333840e+00 2.236186323314270918e-01
3.109974940912717756e+00 1.090371843599526047e-01
3.141386749364101671e+00 7.022733907929082364e-02
