2.059042256920481928e-04 0.000000000000000000e+00
3.161771267707614436e-02 0.000000000000000000e+00
6.302952112846023358e-02 0.000000000000000000e+00
9.444132957984434362e-02 0.000000000000000000e+00
1.258531380312284398e-01 0.000000000000000000e+00
1.572649464826125221e-01 0.000000000000000000e+00
1.886767549339966044e-01 0.000000000000000000e+00
2.200885633853807422e-01 0.000000000000000000e+00
2.515003718367648244e-01 0.000000000000000000e+00
2.829121802881488512e-01 0.000000000000000000e+00
3.143239887395329890e-01 0.000000000000000000e+00
3.457357971909171268e-01 1.848087870507669848e-03
3.771476056423011536e-01 3.696175741015336226e-03
4.085594140936852914e-01 3.696175741015336226e-03
4.399712225450694292e-01 1.848087870507666378e-03
4.713830309964534560e-01 0.000000000000000000e+00
5.027948394478376493e-01 0.000000000000000000e+00
5.342066478992216760e-01 0.000000000000000000e+00
5.656184563506058138e-01 0.000000000000000000e+00
5.970302648019899516e-01 0.000000000000000000e+00
6.284420732533739784e-01 0.000000000000000000e+00
6.598538817047581162e-01 0.000000000000000000e+00
6.912656901561421430e-01 1.848087870507666378e-03
7.226774986075262808e-01 1.848087870507666378e-03
7.540893070589104186e-01 1.848087870507666378e-03
7.855011155102945564e-01 1.848087870507666378e-03
8.169129239616785831e-01 1.848087870507666378e-03
8.483247324130627209e-01 1.848087870507666378e-03
8.797365408644467477e-01 0.000000000000000000e+00
9.111483493158308855e-01 0.000000000000000000e+00
9.425601577672150233e-01 0.000000000000000000e+00
9.739719662185990501e-01 3.696175741015332757e-03
1.005383774669983188e+00 5.544263611522999569e-03
1.036795583121367104e+00 1.108852722304603730e-02
1.068207391572751241e+00 9.240439352538371356e-03
1.099619200024135379e+00 7.392351482030705412e-03
1.131031008475519295e+00 3.696175741015332757e-03
1.162442816926903655e+00 3.696175741015332757e-03
1.193854625378287571e+00 5.544263611523011712e-03
1.225266433829671708e+00 3.696175741015345767e-03
1.256678242281055846e+00 1.848087870507679389e-03
1.288090050732439762e+00 0.000000000000000000e+00
1.319501859183824122e+00 3.696175741015332757e-03
1.350913667635208038e+00 5.544263611522999569e-03
1.382325476086592397e+00 7.392351482030679391e-03
1.413737284537976313e+00 9.240439352538345336e-03
1.445149092989360229e+00 1.293661509355367722e-02
1.476560901440744589e+00 1.108852722304599740e-02
1.507972709892128504e+00 1.108852722304599740e-02
1.539384518343512864e+00 5.544263611522998701e-03
1.570796326794896780e+00 3.326558166913799741e-02
1.602208135246280696e+00 4.620219676269166076e-02
1.633619943697665056e+00 7.207542694979898745e-02
1.665031752149048971e+00 7.761969056132198008e-02
1.696443560600433331e+00 1.071890964894446630e-01
1.727855369051817247e+00 1.312142388060446585e-01
1.759267177503201385e+00 1.940492264033053527e-01
1.790678985954585523e+00 2.956940592812269397e-01
1.822090794405969438e+00 4.379968253103169173e-01
1.853502602857353798e+00 5.544263611522999291e-01
1.884914411308737714e+00 6.653116333827617801e-01
1.916326219760121852e+00 7.373870603325607398e-01
1.947738028211505990e+00 8.778417384911433308e-01
1.979149836662889905e+00 1.062650525541911417e+00
2.010561645114274487e+00 1.236370785369628855e+00
2.041973453565658403e+00 1.295509597225876997e+00
2.073385262017042319e+00 1.275180630650286417e+00
2.104797070468426679e+00 1.208649467312016279e+00
2.136208878919811038e+00 1.162447270549324507e+00
2.167620687371194510e+00 1.081131404246987726e+00
2.199032495822578870e+00 1.010904065167695931e+00
2.230444304273963230e+00 8.686012991386014015e-01
2.261856112725347145e+00 7.521717632966222755e-01
2.293267921176731061e+00 5.932362064329619322e-01
2.324679729628115421e+00 5.045279886485946053e-01
2.356091538079499337e+00 4.028831557706722410e-01
2.387503346530883253e+00 3.899465406771166487e-01
2.418915154982267612e+00 4.250602102167644336e-01
2.450326963433651972e+00 4.749585827204718114e-01
2.481738771885035444e+00 5.340973945767166775e-01
2.513150580336419804e+00 5.063760765191014368e-01
2.544562388787804164e+00 5.396416581882368391e-01
2.575974197239188079e+00 5.599706247638239764e-01
2.607386005690571995e+00 6.542231061597123531e-01
2.638797814141956355e+00 6.911848635698688570e-01
2.670209622593340715e+00 7.373870603325607398e-01
2.701621431044724186e+00 8.390318932104816607e-01
2.733033239496108546e+00 9.443729018294194644e-01
2.764445047947492906e+00 9.961193622036299544e-01
2.795856856398876822e+00 9.628537805344967726e-01
2.827268664850260738e+00 9.221958473833277159e-01
2.858680473301645097e+00 9.129554080307894504e-01
2.890092281753029013e+00 8.833860021026666010e-01
2.921504090204412929e+00 8.113105751528637555e-01
2.952915898655797289e+00 6.967291271813917941e-01
2.984327707107181649e+00 5.525782732817927645e-01
3.015739515558565120e+00 4.306044738282877038e-01
3.047151324009949480e+00 2.919978835402117223e-01
3.078563132461333840e+00 1.755683476982276836e-01
3.109974940912717756e+00 5.913881185624553227e-02
3.141386749364101671e+00 2.956940592812245389e-02
