2.059042256920481928e-04 0.000000000000000000e+00
3.161771267707614436e-02 0.000000000000000000e+00
6.302952112846023358e-02 0.000000000000000000e+00
9.444132957984434362e-02 0.000000000000000000e+00
1.258531380312284398e-01 0.000000000000000000e+00
1.572649464826125221e-01 0.000000000000000000e+00
1.886767549339966044e-01 0.000000000000000000e+00
2.200885633853807422e-01 0.000000000000000000e+00
2.515003718367648244e-01 0.000000000000000000e+00
2.829121802881488512e-01 0.000000000000000000e+00
3.143239887395329890e-01 0.000000000000000000e+00
3.457357971909171268e-01 0.000000000000000000e+00
3.771476056423011536e-01 0.000000000000000000e+00
4.085594140936852914e-01 0.000000000000000000e+00
4.399712225450694292e-01 0.000000000000000000e+00
4.713830309964534560e-01 0.000000000000000000e+00
5.027948394478376493e-01 0.000000000000000000e+00
5.342066478992216760e-01 0.000000000000000000e+00
5.656184563506058138e-01 0.000000000000000000e+00
5.970302648019899516e-01 0.000000000000000000e+00
6.284420732533739784e-01 0.000000000000000000e+00
6.598538817047581162e-01 0.000000000000000000e+00
6.912656901561421430e-01 0.000000000000000000e+00
7.226774986075262808e-01 0.000000000000000000e+00
7.540893070589104186e-01 0.000000000000000000e+00
7.855011155102945564e-01 0.000000000000000000e+00
8.169129239616785831e-01 0.000000000000000000e+00
8.483247324130627209e-01 0.000000000000000000e+00
8.797365408644467477e-01 0.000000000000000000e+00
9.111483493158308855e-01 0.000000000000000000e+00
9.425601577672150233e-01 0.000000000000000000e+00
9.739719662185990501e-01 0.000000000000000000e+00
1.005383774669983188e+00 0.000000000000000000e+00
1.036795583121367104e+00 0.000000000000000000e+00
1.068207391572751241e+00 0.000000000000000000e+00
1.099619200024135379e+00 0.000000000000000000e+00
1.131031008475519295e+00 0.000000000000000000e+00
1.162442816926903655e+00 0.000000000000000000e+00
1.193854625378287571e+00 0.000000000000000000e+00
1.225266433829671708e+00 0.000000000000000000e+00
1.256678242281055846e+00 1.848087870507666378e-03
1.288090050732439762e+00 1.848087870507666378e-03
1.319501859183824122e+00 5.544263611522999569e-03
1.350913667635208038e+00 3.696175741015332757e-03
1.382325476086592397e+00 9.240439352538371356e-03
1.413737284537976313e+00 1.293661509355370498e-02
1.445149092989360229e+00 2.587323018710736833e-02
1.476560901440744589e+00 3.326558166913799741e-02
1.507972709892128504e+00 3.141749379863032626e-02
1.539384518343512864e+00 3.141749379863041647e-02
1.570796326794896780e+00 2.402514231659975269e-02
1.602208135246280696e+00 4.250602102167641561e-02
1.633619943697665056e+00 6.653116333827599482e-02
1.665031752149048971e+00 9.610056926639864994e-02
1.696443560600433331e+00 1.386065902880749823e-01
1.727855369051817247e+00 1.700240840867057734e-01
1.759267177503201385e+00 2.143781929788897700e-01
1.790678985954585523e+00 2.846055320581811765e-01
1.822090794405969438e+00 3.640733104900102934e-01
1.853502602857353798e+00 5.100722522601159881e-01
1.884914411308737714e+00 6.006285579149932552e-01
1.916326219760121852e+00 7.743488177427138019e-01
1.947738028211505990e+00 8.889302657141890940e-01
1.979149836662889905e+00 1.058954349800895756e+00
2.010561645114274487e+00 1.180928149254398374e+00
2.041973453565658403e+00 1.262244015556738930e+00
2.073385262017042319e+00 1.271484454909271422e+00
2.104797070468426679e+00 1.164295358419832338e+00
2.136208878919811038e+00 1.062650525541909863e+00
2.167620687371194510e+00 9.591576047934813332e-01
2.199032495822578870e+00 9.203477595128201072e-01
2.230444304273963230e+00 8.168548387643870257e-01
2.261856112725347145e+00 7.226023573684996482e-01
2.293267921176731061e+00 5.839957670804236667e-01
2.324679729628115421e+00 5.119203401306251511e-01
2.356091538079499337e+00 4.472372646628564041e-01
2.387503346530883253e+00 4.490853525333617924e-01
2.418915154982267612e+00 4.749585827204713673e-01
2.450326963433651972e+00 5.340973945767171216e-01
2.481738771885035444e+00 5.470340096702707156e-01
2.513150580336419804e+00 5.562744490228090921e-01
2.544562388787804164e+00 5.414897460587448919e-01
2.575974197239188079e+00 5.636668005048395269e-01
2.607386005690571995e+00 6.357422274546353780e-01
2.638797814141956355e+00 7.078176544044376683e-01
2.670209622593340715e+00 7.503236754261142227e-01
2.701621431044724186e+00 8.094624872823592554e-01
2.733033239496108546e+00 9.055630565487585715e-01
2.764445047947492906e+00 9.499171654409388488e-01
2.795856856398876822e+00 9.850308349805891872e-01
2.827268664850260738e+00 9.462209896999278502e-01
2.858680473301645097e+00 9.554614290524661158e-01
2.890092281753029013e+00 9.184996716423126095e-01
2.921504090204412929e+00 8.538165961745401988e-01
2.952915898655797289e+00 7.447794118145912856e-01
2.984327707107181649e+00 5.581225368933155906e-01
3.015739515558565120e+00 4.250602102167645446e-01
3.047151324009949480e+00 3.400481681734113248e-01
3.078563132461333840e+00 2.420995110365039837e-01
3.109974940912717756e+00 1.219737994535065040e-01
3.141386749364101671e+00 4.805028463319898496e-02
