2.059042256920481928e-04 0.000000000000000000e+00
3.161771267707614436e-02 0.000000000000000000e+00
6.302952112846023358e-02 0.000000000000000000e+00
9.444132957984434362e-02 0.000000000000000000e+00
1.258531380312284398e-01 0.000000000000000000e+00
1.572649464826125221e-01 0.000000000000000000e+00
1.886767549339966044e-01 0.000000000000000000e+00
2.200885633853807422e-01 0.000000000000000000e+00
2.515003718367648244e-01 0.000000000000000000e+00
2.829121802881488512e-01 0.000000000000000000e+00
3.143239887395329890e-01 0.000000000000000000e+00
3.457357971909171268e-01 0.000000000000000000e+00
3.771476056423011536e-01 0.000000000000000000e+00
4.085594140936852914e-01 0.000000000000000000e+00
4.399712225450694292e-01 0.000000000000000000e+00
4.713830309964534560e-01 0.000000000000000000e+00
5.027948394478376493e-01 0.000000000000000000e+00
5.342066478992216760e-01 0.000000000000000000e+00
5.656184563506058138e-01 0.000000000000000000e+00
5.970302648019899516e-01 0.000000000000000000e+00
6.284420732533739784e-01 0.000000000000000000e+00
6.598538817047581162e-01 0.000000000000000000e+00
6.912656901561421430e-01 0.000000000000000000e+00
7.226774986075262808e-01 0.000000000000000000e+00
7.540893070589104186e-01 0.000000000000000000e+00
7.855011155102945564e-01 0.000000000000000000e+00
8.169129239616785831e-01 0.000000000000000000e+00
8.483247324130627209e-01 0.000000000000000000e+00
8.797365408644467477e-01 0.000000000000000000e+00
9.111483493158308855e-01 0.000000000000000000e+00
9.425601577672150233e-01 0.000000000000000000e+00
9.739719662185990501e-01 0.000000000000000000e+00
1.005383774669983188e+00 0.000000000000000000e+00
1.036795583121367104e+00 0.000000000000000000e+00
1.068207391572751241e+00 0.000000000000000000e+00
1.099619200024135379e+00 0.000000000000000000e+00
1.131031008475519295e+00 0.000000000000000000e+00
1.162442816926903655e+00 0.000000000000000000e+00
1.193854625378287571e+00 0.000000000000000000e+00
1.225266433829671708e+00 1.848087870507666378e-03
1.256678242281055846e+00 1.848087870507666378e-03
1.288090050732439762e+00 1.848087870507666378e-03
1.319501859183824122e+00 0.000000000000000000e+00
1.350913667635208038e+00 0.000000000000000000e+00
1.382325476086592397e+00 1.848087870507679389e-03
1.413737284537976313e+00 7.392351482030677656e-03
1.445149092989360229e+00 2.587323018710734057e-02
1.476560901440744589e+00 4.435410889218399655e-02
1.507972709892128504e+00 3.880984528066099004e-02
1.539384518343512864e+00 2.402514231659969024e-02
1.570796326794896780e+00 7.392351482030691534e-03
1.602208135246280696e+00 2.956940592812268634e-02
1.633619943697665056e+00 5.913881185624531717e-02
1.665031752149048971e+00 1.145814479714753059e-01
1.696443560600433331e+00 1.515432053816286317e-01
1.727855369051817247e+00 1.866568749212748068e-01
1.759267177503201385e+00 2.254667202019358108e-01
1.790678985954585523e+00 3.345039045618881102e-01
1.822090794405969438e+00 5.119203401306235968e-01
1.853502602857353798e+00 6.542231061597139075e-01
1.884914411308737714e+00 7.651083783901758695e-01
1.916326219760121852e+00 8.427280689514979883e-01
1.947738028211505990e+00 9.776384834985576422e-01
1.979149836662889905e+00 1.075587140635464456e+00
2.010561645114274487e+00 1.167991534160844891e+00
2.041973453565658403e+00 1.166143446290339725e+00
2.073385262017042319e+00 1.204953291570995288e+00
2.104797070468426679e+00 1.167991534160847777e+00
2.136208878919811038e+00 1.149510655455770802e+00
2.167620687371194510e+00 1.046017734707342273e+00
2.199032495822578870e+00 9.203477595128199962e-01
2.230444304273963230e+00 8.020701358003252679e-01
2.261856112725347145e+00 7.152100058864685472e-01
2.293267921176731061e+00 6.375903153251460953e-01
2.324679729628115421e+00 5.230088673536715804e-01
2.356091538079499337e+00 4.490853525333643459e-01
2.387503346530883253e+00 4.509334404038696231e-01
2.418915154982267612e+00 5.082241643896093786e-01
2.450326963433651972e+00 5.230088673536708033e-01
2.481738771885035444e+00 5.137684280011325377e-01
2.513150580336419804e+00 5.599706247638245316e-01
2.544562388787804164e+00 5.673629762458527459e-01
2.575974197239188079e+00 5.932362064329625984e-01
2.607386005690571995e+00 5.969323821739747071e-01
2.638797814141956355e+00 6.579192819007306792e-01
2.670209622593340715e+00 7.299947088505301940e-01
2.701621431044724186e+00 8.187029266348975209e-01
2.733033239496108546e+00 8.759936506206356110e-01
2.764445047947492906e+00 9.369805503473844777e-01
2.795856856398876822e+00 9.314362867358658704e-01
2.827268664850260738e+00 9.406767260884042470e-01
2.858680473301645097e+00 9.369805503473889186e-01
2.890092281753029013e+00 9.018668808077430210e-01
2.921504090204412929e+00 7.983739600593101615e-01
2.952915898655797289e+00 6.061728215265160813e-01
2.984327707107181649e+00 4.657181433679323801e-01
3.015739515558565120e+00 3.511366953964579207e-01
3.047151324009949480e+00 2.642765654825970367e-01
3.078563132461333840e+00 1.607836447341664809e-01
3.109974940912717756e+00 7.761969056132207723e-02
3.141386749364101671e+00 6.653116333827553686e-02
